0 10 1 4
0 10 5 8
0 10 9 12
0 10 13 16
0 10 17 20
0 10 21 24
0 10 25 28
0 10 29 32
0 10 33 36
0 10 37 40
0 10 41 44
0 10 45 48
0 10 49 52
0 10 53 56
0 10 57 60
0 10 61 64
0 10 65 68
0 10 69 72
0 10 73 76
0 10 77 80
0.5 10 1 4
0.5 10 5 8
0.5 10 9 12
0.5 10 13 16
0.5 10 17 20
0.5 10 21 24
0.5 10 25 28
0.5 10 29 32
0.5 10 33 36
0.5 10 37 40
0.5 10 41 44
0.5 10 45 48
0.5 10 49 52
0.5 10 53 56
0.5 10 57 60
0.5 10 61 64
0.5 10 65 68
0.5 10 69 72
0.5 10 73 76
0.5 10 77 80
1 10 1 4
1 10 5 8
1 10 9 12
1 10 13 16
1 10 17 20
1 10 21 24
1 10 25 28
1 10 29 32
1 10 33 36
1 10 37 40
1 10 41 44
1 10 45 48
1 10 49 52
1 10 53 56
1 10 57 60
1 10 61 64
1 10 65 68
1 10 69 72
1 10 73 76
1 10 77 80
1.5 10 1 4
1.5 10 5 8
1.5 10 9 12
1.5 10 13 16
1.5 10 17 20
1.5 10 21 24
1.5 10 25 28
1.5 10 29 32
1.5 10 33 36
1.5 10 37 40
1.5 10 41 44
1.5 10 45 48
1.5 10 49 52
1.5 10 53 56
1.5 10 57 60
1.5 10 61 64
1.5 10 65 68
1.5 10 69 72
1.5 10 73 76
1.5 10 77 80
2 10 1 4
2 10 5 8
2 10 9 12
2 10 13 16
2 10 17 20
2 10 21 24
2 10 25 28
2 10 29 32
2 10 33 36
2 10 37 40
2 10 41 44
2 10 45 48
2 10 49 52
2 10 53 56
2 10 57 60
2 10 61 64
2 10 65 68
2 10 69 72
2 10 73 76
2 10 77 80
2.5 10 1 4
2.5 10 5 8
2.5 10 9 12
2.5 10 13 16
2.5 10 17 20
2.5 10 21 24
2.5 10 25 28
2.5 10 29 32
2.5 10 33 36
2.5 10 37 40
2.5 10 41 44
2.5 10 45 48
2.5 10 49 52
2.5 10 53 56
2.5 10 57 60
2.5 10 61 64
2.5 10 65 68
2.5 10 69 72
2.5 10 73 76
2.5 10 77 80
0 50 1 4
0 50 5 8
0 50 9 12
0 50 13 16
0 50 17 20
0 50 21 24
0 50 25 28
0 50 29 32
0 50 33 36
0 50 37 40
0 50 41 44
0 50 45 48
0 50 49 52
0 50 53 56
0 50 57 60
0 50 61 64
0 50 65 68
0 50 69 72
0 50 73 76
0 50 77 80
0.5 50 1 4
0.5 50 5 8
0.5 50 9 12
0.5 50 13 16
0.5 50 17 20
0.5 50 21 24
0.5 50 25 28
0.5 50 29 32
0.5 50 33 36
0.5 50 37 40
0.5 50 41 44
0.5 50 45 48
0.5 50 49 52
0.5 50 53 56
0.5 50 57 60
0.5 50 61 64
0.5 50 65 68
0.5 50 69 72
0.5 50 73 76
0.5 50 77 80
1 50 1 4
1 50 5 8
1 50 9 12
1 50 13 16
1 50 17 20
1 50 21 24
1 50 25 28
1 50 29 32
1 50 33 36
1 50 37 40
1 50 41 44
1 50 45 48
1 50 49 52
1 50 53 56
1 50 57 60
1 50 61 64
1 50 65 68
1 50 69 72
1 50 73 76
1 50 77 80
1.5 50 1 4
1.5 50 5 8
1.5 50 9 12
1.5 50 13 16
1.5 50 17 20
1.5 50 21 24
1.5 50 25 28
1.5 50 29 32
1.5 50 33 36
1.5 50 37 40
1.5 50 41 44
1.5 50 45 48
1.5 50 49 52
1.5 50 53 56
1.5 50 57 60
1.5 50 61 64
1.5 50 65 68
1.5 50 69 72
1.5 50 73 76
1.5 50 77 80
2 50 1 4
2 50 5 8
2 50 9 12
2 50 13 16
2 50 17 20
2 50 21 24
2 50 25 28
2 50 29 32
2 50 33 36
2 50 37 40
2 50 41 44
2 50 45 48
2 50 49 52
2 50 53 56
2 50 57 60
2 50 61 64
2 50 65 68
2 50 69 72
2 50 73 76
2 50 77 80
2.5 50 1 4
2.5 50 5 8
2.5 50 9 12
2.5 50 13 16
2.5 50 17 20
2.5 50 21 24
2.5 50 25 28
2.5 50 29 32
2.5 50 33 36
2.5 50 37 40
2.5 50 41 44
2.5 50 45 48
2.5 50 49 52
2.5 50 53 56
2.5 50 57 60
2.5 50 61 64
2.5 50 65 68
2.5 50 69 72
2.5 50 73 76
2.5 50 77 80
