0 10 1 4
0 10 5 8
0 10 9 12
0 10 13 16
0 10 17 20
0 10 21 24
0 10 25 28
0 10 29 32
0 10 33 36
0 10 37 40
0 10 41 44
0 10 45 48
0 10 49 52
0 10 53 56
0 10 57 60
0 10 61 64
0 10 65 68
0 10 69 72
0 10 73 76
0 10 77 80
0.25 10 1 4
0.25 10 5 8
0.25 10 9 12
0.25 10 13 16
0.25 10 17 20
0.25 10 21 24
0.25 10 25 28
0.25 10 29 32
0.25 10 33 36
0.25 10 37 40
0.25 10 41 44
0.25 10 45 48
0.25 10 49 52
0.25 10 53 56
0.25 10 57 60
0.25 10 61 64
0.25 10 65 68
0.25 10 69 72
0.25 10 73 76
0.25 10 77 80
0.5 10 1 4
0.5 10 5 8
0.5 10 9 12
0.5 10 13 16
0.5 10 17 20
0.5 10 21 24
0.5 10 25 28
0.5 10 29 32
0.5 10 33 36
0.5 10 37 40
0.5 10 41 44
0.5 10 45 48
0.5 10 49 52
0.5 10 53 56
0.5 10 57 60
0.5 10 61 64
0.5 10 65 68
0.5 10 69 72
0.5 10 73 76
0.5 10 77 80
0.75 10 1 4
0.75 10 5 8
0.75 10 9 12
0.75 10 13 16
0.75 10 17 20
0.75 10 21 24
0.75 10 25 28
0.75 10 29 32
0.75 10 33 36
0.75 10 37 40
0.75 10 41 44
0.75 10 45 48
0.75 10 49 52
0.75 10 53 56
0.75 10 57 60
0.75 10 61 64
0.75 10 65 68
0.75 10 69 72
0.75 10 73 76
0.75 10 77 80
1 10 1 4
1 10 5 8
1 10 9 12
1 10 13 16
1 10 17 20
1 10 21 24
1 10 25 28
1 10 29 32
1 10 33 36
1 10 37 40
1 10 41 44
1 10 45 48
1 10 49 52
1 10 53 56
1 10 57 60
1 10 61 64
1 10 65 68
1 10 69 72
1 10 73 76
1 10 77 80
1.5 10 1 4
1.5 10 5 8
1.5 10 9 12
1.5 10 13 16
1.5 10 17 20
1.5 10 21 24
1.5 10 25 28
1.5 10 29 32
1.5 10 33 36
1.5 10 37 40
1.5 10 41 44
1.5 10 45 48
1.5 10 49 52
1.5 10 53 56
1.5 10 57 60
1.5 10 61 64
1.5 10 65 68
1.5 10 69 72
1.5 10 73 76
1.5 10 77 80
2 10 1 4
2 10 5 8
2 10 9 12
2 10 13 16
2 10 17 20
2 10 21 24
2 10 25 28
2 10 29 32
2 10 33 36
2 10 37 40
2 10 41 44
2 10 45 48
2 10 49 52
2 10 53 56
2 10 57 60
2 10 61 64
2 10 65 68
2 10 69 72
2 10 73 76
2 10 77 80
