0 50 1 1
0 50 2 2
0 50 3 3
0 50 4 4
0 50 5 5
0 50 6 6
0 50 7 7
0 50 8 8
0 50 9 9
0 50 10 10
0 50 11 11
0 50 12 12
0 50 13 13
0 50 14 14
0 50 15 15
0 50 16 16
0 50 17 17
0 50 18 18
0 50 19 19
0 50 20 20
0 50 21 21
0 50 22 22
0 50 23 23
0 50 24 24
0 50 25 25
0 50 26 26
0 50 27 27
0 50 28 28
0 50 29 29
0 50 30 30
0 50 31 31
0 50 32 32
0 50 33 33
0 50 34 34
0 50 35 35
0 50 36 36
0 50 37 37
0 50 38 38
0 50 39 39
0 50 40 40
0 50 41 41
0 50 42 42
0 50 43 43
0 50 44 44
0 50 45 45
0 50 46 46
0 50 47 47
0 50 48 48
0 50 49 49
0 50 50 50
0 50 51 51
0 50 52 52
0 50 53 53
0 50 54 54
0 50 55 55
0 50 56 56
0 50 57 57
0 50 58 58
0 50 59 59
0 50 60 60
0.5 50 1 1
0.5 50 2 2
0.5 50 3 3
0.5 50 4 4
0.5 50 5 5
0.5 50 6 6
0.5 50 7 7
0.5 50 8 8
0.5 50 9 9
0.5 50 10 10
0.5 50 11 11
0.5 50 12 12
0.5 50 13 13
0.5 50 14 14
0.5 50 15 15
0.5 50 16 16
0.5 50 17 17
0.5 50 18 18
0.5 50 19 19
0.5 50 20 20
0.5 50 21 21
0.5 50 22 22
0.5 50 23 23
0.5 50 24 24
0.5 50 25 25
0.5 50 26 26
0.5 50 27 27
0.5 50 28 28
0.5 50 29 29
0.5 50 30 30
0.5 50 31 31
0.5 50 32 32
0.5 50 33 33
0.5 50 34 34
0.5 50 35 35
0.5 50 36 36
0.5 50 37 37
0.5 50 38 38
0.5 50 39 39
0.5 50 40 40
0.5 50 41 41
0.5 50 42 42
0.5 50 43 43
0.5 50 44 44
0.5 50 45 45
0.5 50 46 46
0.5 50 47 47
0.5 50 48 48
0.5 50 49 49
0.5 50 50 50
0.5 50 51 51
0.5 50 52 52
0.5 50 53 53
0.5 50 54 54
0.5 50 55 55
0.5 50 56 56
0.5 50 57 57
0.5 50 58 58
0.5 50 59 59
0.5 50 60 60
1 50 1 1
1 50 2 2
1 50 3 3
1 50 4 4
1 50 5 5
1 50 6 6
1 50 7 7
1 50 8 8
1 50 9 9
1 50 10 10
1 50 11 11
1 50 12 12
1 50 13 13
1 50 14 14
1 50 15 15
1 50 16 16
1 50 17 17
1 50 18 18
1 50 19 19
1 50 20 20
1 50 21 21
1 50 22 22
1 50 23 23
1 50 24 24
1 50 25 25
1 50 26 26
1 50 27 27
1 50 28 28
1 50 29 29
1 50 30 30
1 50 31 31
1 50 32 32
1 50 33 33
1 50 34 34
1 50 35 35
1 50 36 36
1 50 37 37
1 50 38 38
1 50 39 39
1 50 40 40
1 50 41 41
1 50 42 42
1 50 43 43
1 50 44 44
1 50 45 45
1 50 46 46
1 50 47 47
1 50 48 48
1 50 49 49
1 50 50 50
1 50 51 51
1 50 52 52
1 50 53 53
1 50 54 54
1 50 55 55
1 50 56 56
1 50 57 57
1 50 58 58
1 50 59 59
1 50 60 60
1.5 50 1 1
1.5 50 2 2
1.5 50 3 3
1.5 50 4 4
1.5 50 5 5
1.5 50 6 6
1.5 50 7 7
1.5 50 8 8
1.5 50 9 9
1.5 50 10 10
1.5 50 11 11
1.5 50 12 12
1.5 50 13 13
1.5 50 14 14
1.5 50 15 15
1.5 50 16 16
1.5 50 17 17
1.5 50 18 18
1.5 50 19 19
1.5 50 20 20
1.5 50 21 21
1.5 50 22 22
1.5 50 23 23
1.5 50 24 24
1.5 50 25 25
1.5 50 26 26
1.5 50 27 27
1.5 50 28 28
1.5 50 29 29
1.5 50 30 30
1.5 50 31 31
1.5 50 32 32
1.5 50 33 33
1.5 50 34 34
1.5 50 35 35
1.5 50 36 36
1.5 50 37 37
1.5 50 38 38
1.5 50 39 39
1.5 50 40 40
1.5 50 41 41
1.5 50 42 42
1.5 50 43 43
1.5 50 44 44
1.5 50 45 45
1.5 50 46 46
1.5 50 47 47
1.5 50 48 48
1.5 50 49 49
1.5 50 50 50
1.5 50 51 51
1.5 50 52 52
1.5 50 53 53
1.5 50 54 54
1.5 50 55 55
1.5 50 56 56
1.5 50 57 57
1.5 50 58 58
1.5 50 59 59
1.5 50 60 60
2 50 1 1
2 50 2 2
2 50 3 3
2 50 4 4
2 50 5 5
2 50 6 6
2 50 7 7
2 50 8 8
2 50 9 9
2 50 10 10
2 50 11 11
2 50 12 12
2 50 13 13
2 50 14 14
2 50 15 15
2 50 16 16
2 50 17 17
2 50 18 18
2 50 19 19
2 50 20 20
2 50 21 21
2 50 22 22
2 50 23 23
2 50 24 24
2 50 25 25
2 50 26 26
2 50 27 27
2 50 28 28
2 50 29 29
2 50 30 30
2 50 31 31
2 50 32 32
2 50 33 33
2 50 34 34
2 50 35 35
2 50 36 36
2 50 37 37
2 50 38 38
2 50 39 39
2 50 40 40
2 50 41 41
2 50 42 42
2 50 43 43
2 50 44 44
2 50 45 45
2 50 46 46
2 50 47 47
2 50 48 48
2 50 49 49
2 50 50 50
2 50 51 51
2 50 52 52
2 50 53 53
2 50 54 54
2 50 55 55
2 50 56 56
2 50 57 57
2 50 58 58
2 50 59 59
2 50 60 60
2.5 50 1 1
2.5 50 2 2
2.5 50 3 3
2.5 50 4 4
2.5 50 5 5
2.5 50 6 6
2.5 50 7 7
2.5 50 8 8
2.5 50 9 9
2.5 50 10 10
2.5 50 11 11
2.5 50 12 12
2.5 50 13 13
2.5 50 14 14
2.5 50 15 15
2.5 50 16 16
2.5 50 17 17
2.5 50 18 18
2.5 50 19 19
2.5 50 20 20
2.5 50 21 21
2.5 50 22 22
2.5 50 23 23
2.5 50 24 24
2.5 50 25 25
2.5 50 26 26
2.5 50 27 27
2.5 50 28 28
2.5 50 29 29
2.5 50 30 30
2.5 50 31 31
2.5 50 32 32
2.5 50 33 33
2.5 50 34 34
2.5 50 35 35
2.5 50 36 36
2.5 50 37 37
2.5 50 38 38
2.5 50 39 39
2.5 50 40 40
2.5 50 41 41
2.5 50 42 42
2.5 50 43 43
2.5 50 44 44
2.5 50 45 45
2.5 50 46 46
2.5 50 47 47
2.5 50 48 48
2.5 50 49 49
2.5 50 50 50
2.5 50 51 51
2.5 50 52 52
2.5 50 53 53
2.5 50 54 54
2.5 50 55 55
2.5 50 56 56
2.5 50 57 57
2.5 50 58 58
2.5 50 59 59
2.5 50 60 60
